"Vector" "Test.Mean" "Test.Standard.Deviation" "Train.Mean" "Train.Standard.Deviation"
"1" 1 0.273995840740414 0.0605704864081981 0.27448812496352 0.0702613326661495
"2" 2 -0.0178634002668453 0.0257452315131731 -0.0176954273577941 0.0408105245732635
"3" 3 -0.108386200206006 0.0427474272107855 -0.10914102015124 0.0566351880847293
"4" 4 -0.613634902884459 0.412597016415183 -0.605438451136836 0.448734384469627
"5" 5 -0.508329846887119 0.494268965933888 -0.510937560960832 0.502644654740145
"6" 6 -0.633797111077676 0.36269893790736 -0.604753690501853 0.418686710453205
"7" 7 -0.641277619486155 0.385199361353741 -0.630512126647159 0.424072666322456
"8" 8 -0.52267567671643 0.479898557012102 -0.526907431433227 0.48594161439791
"9" 9 -0.637038485293099 0.357753448633844 -0.606150484997695 0.414121794885635
"10" 10 -0.462063111264567 0.523916111725691 -0.468604011850173 0.544546577847179
"11" 11 -0.303028258056512 0.274075258460255 -0.306043159313513 0.282243034858609
"12" 12 -0.574975252359437 0.253431324152053 -0.557120618353656 0.293867082412027
"13" 13 0.529678540641469 0.338502984555185 0.523550736319554 0.36359369501392
"14" 14 0.394902964572559 0.326644879244502 0.387385510912532 0.343610688628942
"15" 15 0.60712178687852 0.271649785004129 0.594374303956926 0.297817552016782
"16" 16 -0.563358920028188 0.434126917440627 -0.547568888295005 0.471808080215043
"17" 17 -0.838978018330166 0.211957237760203 -0.820040931092492 0.259607470112566
"18" 18 -0.904776811917204 0.125119528182146 -0.901873522711426 0.126333163231007
"19" 19 -0.876809632951137 0.157134357072334 -0.845783932253863 0.221982631030554
"20" 20 -0.701178735948456 0.325978978540446 -0.68434492158116 0.371607838324081
"21" 21 -0.642868482705803 0.362059638751895 -0.643769625478819 0.371581419445794
"22" 22 -0.664678191114564 0.331991940979405 -0.631068632269322 0.386568703927497
"23" 23 -0.0936940676737122 0.445319436585385 -0.10299255895546 0.468958615499422
"24" 24 -0.105882956366542 0.423830698352104 -0.137937286278996 0.437268207253568
"25" 25 -0.142689883593354 0.359451368030405 -0.163945594302924 0.37136264976069
"26" 26 -0.124831157675239 0.310704740143457 -0.116598648106366 0.306507130787931
"27" 27 0.123072520684917 0.247947102875271 0.102761953527314 0.246593121764288
"28" 28 -0.030495174996375 0.257935202447957 -0.0377855024698667 0.243634549874807
"29" 29 0.10085308445587 0.235617951026536 0.130476869721699 0.230066962661015
"30" 30 -0.0382765967011181 0.246853900794463 -0.0262292137447367 0.257383218522955
"31" 31 0.0452001604503868 0.20987622318419 0.0263218549804207 0.215001360230567
"32" 32 0.143127775742856 0.207972933901006 0.159965537832784 0.208836532671326
"33" 33 -0.014339435044357 0.217289592672799 -0.0195748866481605 0.221432021574224
"34" 34 -0.0021453228795979 0.270410613316717 0.00941956672418797 0.286081447722372
"35" 35 0.0488022579490876 0.212998569356327 0.0332905745017126 0.216288516015959
"36" 36 0.029028001385263 0.23836930752323 0.0365865770597583 0.236225899453904
"37" 37 -0.0927206607087275 0.226132783102356 -0.0786401454795779 0.232756679564284
"38" 38 -0.108278892926213 0.343395846779337 -0.125130584848324 0.363154764137128
"39" 39 -0.207585210405497 0.309413392759268 -0.193802320695826 0.331122202816487
"40" 40 0.0951980705814486 0.351661048916617 0.105005085293028 0.385378720064477
"41" 41 0.681960209973532 0.512150809550568 0.664121888659956 0.516763136050696
"42" 42 -0.0133426880797622 0.394592051097474 0.0110060404600615 0.372237208351743
"43" 43 0.0877366326193237 0.297881416515642 0.0939202735348508 0.347792480919144
"44" 44 -0.966914858384798 0.0769870619594301 -0.964522577547742 0.0779993063326426
"45" 45 -0.956214986723108 0.0674294465678502 -0.953683718801428 0.0914651404484884
"46" 46 -0.943820796502545 0.0856857807447686 -0.936928889663357 0.107200718396982
"47" 47 -0.967717184794706 0.0748504222626023 -0.965336259395267 0.076726557252888
"48" 48 -0.957052035299966 0.0662357266012474 -0.954683418221586 0.0904434339420118
"49" 49 -0.945035544163556 0.0846973098418499 -0.93827049801333 0.106148115896343
"50" 50 0.621265874336953 0.506205420149058 0.604164839044899 0.510072752360496
"51" 51 -0.0278827001641792 0.381153122195413 -0.00328246850277339 0.360506962242406
"52" 52 0.0912013999104971 0.292554064287753 0.0989591729446272 0.343337745158178
"53" 53 0.696877692571089 0.502872642569241 0.678504727491363 0.508656088304292
"54" 54 4.23754028571434e-05 0.392119486056987 0.0232480284650987 0.369736706772335
"55" 55 0.0761940447500392 0.301008521293298 0.0806140235845599 0.350039993278698
"56" 56 -0.149111539767649 0.363509487559368 -0.0783346911604162 0.40101967521759
"57" 57 0.46989719006074 0.692376366098504 0.436710564447606 0.697903813924552
"58" 58 -0.69924297445436 0.494473449499586 -0.7303794263239 0.437038002918559
"59" 59 -0.81077038602002 0.38900692086357 -0.744705000066458 0.435947188320139
"60" 60 -0.969918877654225 0.0677568703617628 -0.967566852700898 0.0733325941451903
"61" 61 -0.959974242519172 0.0621926906679172 -0.958039080442737 0.0870041012123306
"62" 62 -0.949201597227689 0.0805642335546502 -0.94300194609494 0.101547198937192
"63" 63 -0.692882931691416 0.350121074898182 -0.667508083547164 0.365107783668251
"64" 64 -0.860641165251524 0.281395923706589 -0.869134796574415 0.281427531243928
"65" 65 -0.630145192831905 0.382068901641408 -0.684715114592873 0.396463979283742
"66" 66 -0.476038977996804 0.220922186579208 -0.51577063998074 0.213619223538979
"67" 67 0.51721397798697 0.21268635237521 0.553177228556761 0.207745013527013
"68" 68 -0.557640325267458 0.209835880393296 -0.589907536811746 0.206406479724578
"69" 69 0.597360399978463 0.212407467891333 0.626018563514649 0.209514641304842
"70" 70 -0.3393521043496 0.294734089464072 -0.345328378006251 0.292708218501003
"71" 71 0.328286531496997 0.298808878166365 0.330943890827331 0.299130160329571
"72" 72 -0.361658625298962 0.289671567931935 -0.360378757801164 0.291817423002015
"73" 73 0.412672067060801 0.280462918270593 0.407353580856434 0.283410381667957
"74" 74 -0.420432203285514 0.263986897780726 -0.43114964781995 0.269911364240528
"75" 75 0.446074077539545 0.257135459469337 0.456290671495728 0.260282134060704
"76" 76 -0.471114518153192 0.2531831391098 -0.480829554477573 0.253420678649816
"77" 77 0.492923284079152 0.251827500806673 0.502121957687598 0.249110702412478
"78" 78 0.147925191293247 0.694895729702951 0.186809173900154 0.696636148747919
"79" 79 -0.115799309419919 0.694474597134618 -0.105276827345092 0.707724010265193
"80" 80 0.0753145228077842 0.693639612033074 0.0886706094819831 0.704161530249614
"81" 81 0.0784697125150543 0.163532018505764 0.079125880857262 0.18092014606743
"82" 82 0.00643293275476926 0.166544225625474 0.00855545432909572 0.163706780430658
"83" 83 -0.00462870647020455 0.145737726080043 -0.00469313372794117 0.159909630948608
"84" 84 -0.630368264434513 0.400684190435381 -0.643554061106133 0.411852251371052
"85" 85 -0.601275978117245 0.430933440813095 -0.61065549430083 0.433664254498502
"86" 86 -0.768680139539871 0.25265613586796 -0.760471339113483 0.287381681318528
"87" 87 -0.629075287068601 0.403309927204755 -0.639969008462612 0.417645323988279
"88" 88 -0.59132032701414 0.436431177500779 -0.59513917948788 0.44999027321421
"89" 89 -0.762115788897489 0.257516125950686 -0.754265346179818 0.293435494686214
"90" 90 -0.697886668106186 0.343016567572542 -0.700322817631569 0.366426214453129
"91" 91 -0.740574848755887 0.299583108575082 -0.750743215513824 0.291234976271682
"92" 92 -0.819783432506074 0.211133633885697 -0.818296977122851 0.228957630485297
"93" 93 0.597136073879097 0.441080425293607 0.623609658998928 0.433070624261766
"94" 94 0.676611792737598 0.361827385508701 0.688180470491121 0.357886174541595
"95" 95 0.74761935302002 0.277208319634065 0.736369024484325 0.317392458231012
"96" 96 -0.644975049324398 0.375856951022053 -0.647799466743191 0.39928702175699
"97" 97 -0.850121541484425 0.203051571685876 -0.850424087898109 0.219319853244258
"98" 98 -0.825422686284289 0.250771899515414 -0.827988576749864 0.239885828267335
"99" 99 -0.938758190356294 0.0888772096520464 -0.927484221392218 0.127599512957499
"100" 100 -0.624225185013788 0.413520155975535 -0.628798269107514 0.435936499871263
"101" 101 -0.665006439875735 0.353268647716176 -0.657759059074976 0.383447031539387
"102" 102 -0.775305616859518 0.241686417521261 -0.769041241729546 0.275536451555615
"103" 103 -0.0406110321492704 0.649392096137259 -0.0994407129051034 0.653259359881792
"104" 104 -0.0583126521608415 0.618446912879945 -0.0997354094367111 0.637174839300535
"105" 105 -0.111540277055511 0.589956577185064 -0.133659967603326 0.614262265242945
"106" 106 -0.113182488622263 0.307638841824622 -0.106725125792398 0.301938733810214
"107" 107 0.188677474302819 0.19116764706017 0.162035615248683 0.192404995984995
"108" 108 0.0775271044212929 0.242832966413039 0.0636270060000807 0.240799333591142
"109" 109 0.140801038844995 0.199408116367878 0.120722456417867 0.194282010208808
"110" 110 -0.0812909336159959 0.259245210371752 -0.0692813254491771 0.271617965684742
"111" 111 0.0794267973484839 0.216129395905198 0.0643924942522108 0.218413904933532
"112" 112 0.178319626971035 0.228843321412393 0.173007955434668 0.241276973862769
"113" 113 0.295103295460865 0.200359978653937 0.322017026601047 0.202909345858052
"114" 114 -0.039369891513228 0.266198377568992 -0.0300148254321513 0.273950103957619
"115" 115 0.101401009377384 0.195606652239391 0.0835868711095593 0.196753891612737
"116" 116 0.00538517289930974 0.221177751173497 -0.00361364808852285 0.225341391401323
"117" 117 0.136012848510723 0.24305103529856 0.139456541904157 0.238197314917298
"118" 118 -0.121477323631695 0.261350068304102 -0.1447952979001 0.255892663129696
"119" 119 -0.0108891456586678 0.305419758941388 0.00860281858823313 0.287819419126821
"120" 120 0.060401045257794 0.288280283648971 0.0883003566683912 0.272248120224169
"121" 121 -0.0404591982000808 0.185422077129132 -0.0271838109741607 0.182156421127281
"122" 122 -0.0711158768398755 0.138995592920457 -0.0761639680551519 0.132377513813956
"123" 123 0.0927712770018086 0.123042230111183 0.0865879927790158 0.139305314060693
"124" 124 -0.721952604411164 0.286371563420636 -0.720887954557821 0.306723507133643
"125" 125 -0.699552838250048 0.317407612076555 -0.675879523019533 0.371337291400764
"126" 126 -0.651537332905511 0.360729395230162 -0.654518805806124 0.377282528904695
"127" 127 -0.726672457324737 0.283946350870542 -0.726409630436221 0.302980992263097
"128" 128 -0.709350753321687 0.310149692495568 -0.688594957813224 0.357065051232797
"129" 129 -0.667133493630356 0.34609057454357 -0.667240314204733 0.367922696322139
"130" 130 -0.652220352980156 0.259111270562161 -0.642785563357965 0.283046500864625
"131" 131 -0.749477383129216 0.236730572717298 -0.733367585712761 0.276950065299755
"132" 132 -0.480238884451422 0.299337987799736 -0.485771947485626 0.304637400247109
"133" 133 0.627183867186291 0.241147706734667 0.634299859688153 0.25509890996351
"134" 134 0.739657405430607 0.195384342424117 0.732093777849497 0.217746582589964
"135" 135 0.554554612126335 0.305998893864794 0.561129002432142 0.308718935245016
"136" 136 -0.608639901484514 0.380892473984267 -0.600387213662305 0.410302595115004
"137" 137 -0.905122329854089 0.130798869767668 -0.90023986870306 0.147175988980803
"138" 138 -0.902243300212114 0.14812967468516 -0.877017124016023 0.204299297331189
"139" 139 -0.877466903847642 0.16869780369473 -0.871187573842451 0.19814681807351
"140" 140 -0.728199565043961 0.290097199212301 -0.729636096123857 0.306936963125158
"141" 141 -0.727121589043739 0.301089363949402 -0.713226724649556 0.33441746569203
"142" 142 -0.724224167025932 0.295253994400551 -0.718642243891921 0.324370618402101
"143" 143 -0.140184311995521 0.448373745819271 -0.146813507105764 0.456965517338906
"144" 144 -0.0720891139177299 0.36023435707106 -0.11013528953855 0.374022966669247
"145" 145 -0.0321750740144011 0.442886311301134 -0.075712185098414 0.460660492337471
"146" 146 -0.230316672172525 0.255755487642114 -0.21987365872343 0.284347279621006
"147" 147 0.162890377509215 0.214108625700466 0.141665949460858 0.231707973899097
"148" 148 0.102003642523253 0.232806794737846 0.139116895904714 0.227070747443626
"149" 149 -0.0676917037743536 0.232984458137516 -0.0853621022167293 0.243697373130641
"150" 150 -0.208917530308063 0.199593946912129 -0.203130124559423 0.212162503009981
"151" 151 0.182536485625866 0.184090392013386 0.164524328369935 0.194383368793258
"152" 152 -0.0598273567097428 0.235051174762216 -0.0355002921972369 0.225366625536949
"153" 153 0.150347062322932 0.236635366525805 0.138231498058802 0.208946577455799
"154" 154 -0.0963930628169223 0.299889726660924 -0.0805711545223277 0.317742094663264
"155" 155 0.0780975228159304 0.268886203576115 0.0621736652381186 0.287347096932259
"156" 156 -0.0174083321454734 0.262727950898117 -0.00412192221085405 0.269555842754772
"157" 157 0.141916243476201 0.250203897792856 0.148224083639474 0.261489341146408
"158" 158 -0.159859513484698 0.362737682377764 -0.173134114604188 0.389681213882748
"159" 159 0.0476249517782796 0.367695387149748 0.00100659592859603 0.392989382861104
"160" 160 -0.07614167376264 0.38674704747953 -0.117538501748624 0.428807161111724
"161" 161 -0.0937766454820733 0.129640062823036 -0.0978848005794927 0.127516603684198
"162" 162 -0.0419889608326603 0.10761947798483 -0.0424500444089068 0.117027050860511
"163" 163 -0.0560912847653105 0.125598222565327 -0.0543249124529731 0.130198885874089
"164" 164 -0.734606660052562 0.283370558798107 -0.730042534759372 0.311643918400038
"165" 165 -0.791374949012555 0.246510013609638 -0.783932788663656 0.282526348245501
"166" 166 -0.734454412466135 0.295987544158774 -0.742128207950899 0.304360831615801
"167" 167 -0.735660879943434 0.282074376145282 -0.727734606219197 0.315832036162807
"168" 168 -0.802815078436376 0.231290849101393 -0.794078635509007 0.267563737581317
"169" 169 -0.742830253620869 0.28460238034468 -0.748162918611589 0.296203958099401
"170" 170 -0.737957253810791 0.287482635554636 -0.750996546898436 0.292263193889806
"171" 171 -0.813650312704717 0.229426354472489 -0.808408375619255 0.262224770419483
"172" 172 -0.731549521753312 0.315548771189637 -0.747154397263643 0.301789594069534
"173" 173 0.763138729760468 0.264319789268205 0.759570624939902 0.28538366972645
"174" 174 0.829881180507974 0.219032217582802 0.830433549989581 0.231472393717116
"175" 175 0.796129831705124 0.238750828923112 0.800745536864323 0.251459816061421
"176" 176 -0.770629564242009 0.248930147020229 -0.765284271683342 0.276988841142693
"177" 177 -0.923799481632168 0.109306996473902 -0.914182506378074 0.141311332850779
"178" 178 -0.947472476104513 0.0939967642171341 -0.936367486596083 0.144515615199709
"179" 179 -0.919837731924194 0.125634204128958 -0.919367252593988 0.137409562537121
"180" 180 -0.746357816807363 0.272542803838565 -0.734005606859275 0.312843042342387
"181" 181 -0.816418935295894 0.216327299958819 -0.805695174222225 0.251838028743959
"182" 182 -0.76570896045134 0.259903976840928 -0.76660655729579 0.275950927808558
"183" 183 0.0155530876453851 0.5411170497227 -0.0275140835148994 0.573665809540227
"184" 184 0.0614184817358331 0.512609762246992 0.00153307688352693 0.555634633756406
"185" 185 0.0198527703293994 0.562317518787553 -0.0291278231633202 0.587410902472609
"186" 186 -0.0766239819654971 0.23207085538078 -0.0708138606077965 0.257135205586254
"187" 187 0.057467404770248 0.180034950948197 0.0342851124687727 0.187535288970777
"188" 188 0.156328260106815 0.206991916047696 0.161005133527254 0.213337161310113
"189" 189 0.142661796188445 0.221957555813079 0.173577293844027 0.205975235793804
"190" 190 -0.168110795034958 0.207951205837394 -0.160061127796893 0.216839807677477
"191" 191 0.215657620867143 0.166042584388467 0.193968811430816 0.167062311154594
"192" 192 0.0795222343462457 0.207904606702153 0.0851341853349223 0.19259829230815
"193" 193 0.0739770164084398 0.250687654842507 0.0827634196711156 0.242714745088059
"194" 194 -0.035413887793943 0.329156934270193 -0.025943914657302 0.348691469598303
"195" 195 0.0598700394446624 0.225095733191169 0.0493819667431016 0.235137839290255
"196" 196 0.0926706232331944 0.231979710917976 0.0872521667708492 0.251941118758892
"197" 197 0.0180160251187727 0.254315628548646 0.0397494067037156 0.24479862564226
"198" 198 0.0255639723235901 0.279904833920773 0.0414990119053316 0.27518205101963
"199" 199 0.0497090776696995 0.273425641059108 0.049097300806823 0.264293686035208
"200" 200 -0.0762854878251001 0.25956559528184 -0.128592671715548 0.258009265456235
"201" 201 -0.559042708835793 0.439538527228177 -0.543884114663085 0.477653110187175
"202" 202 -0.597066786740935 0.408697802904163 -0.588883817159513 0.437471594719248
"203" 203 -0.650840574711459 0.352442404715199 -0.639374185379537 0.38319229787889
"204" 204 -0.562458826263977 0.441556950046912 -0.55709889013106 0.468917720119134
"205" 205 -0.835856787366814 0.186958298804283 -0.838618284983433 0.191580620308015
"206" 206 -0.559042708835793 0.439538527228177 -0.543884114663085 0.477653110187175
"207" 207 -0.794602932844248 0.246921345000369 -0.770596447949918 0.292372364351746
"208" 208 -0.718070039431625 0.28482521004815 -0.696384339396409 0.325080131020843
"209" 209 0.15399201535922 0.650230268963944 0.124323973922695 0.676746593826584
"210" 210 -0.0622009792271792 0.278657468870093 -0.0724810927167215 0.294994185206855
"211" 211 0.0217412498656424 0.225092265203532 0.0249642693848383 0.238484026526885
"212" 212 0.0533213333066138 0.249596858099773 0.060691572018232 0.254651593692539
"213" 213 -0.0559323093109603 0.258074172818273 -0.0586749029308702 0.265123909692073
"214" 214 -0.559042708835793 0.439538527228177 -0.543884114663085 0.477653110187175
"215" 215 -0.597066786740935 0.408697802904163 -0.588883817159513 0.437471594719248
"216" 216 -0.650840574711459 0.352442404715199 -0.639374185379537 0.38319229787889
"217" 217 -0.562458826263977 0.441556950046912 -0.55709889013106 0.468917720119134
"218" 218 -0.835856787366814 0.186958298804283 -0.838618284983433 0.191580620308015
"219" 219 -0.559042708835793 0.439538527228177 -0.543884114663085 0.477653110187175
"220" 220 -0.794602932844248 0.246921345000369 -0.770596447949918 0.292372364351746
"221" 221 -0.718070039431625 0.28482521004815 -0.696384339396409 0.325080131020843
"222" 222 0.15399201535922 0.650230268963944 0.124323973922695 0.676746593826584
"223" 223 -0.0622009792271792 0.278657468870093 -0.0724810927167215 0.294994185206855
"224" 224 0.0217412498656424 0.225092265203532 0.0249642693848383 0.238484026526885
"225" 225 0.0533213333066138 0.249596858099773 0.060691572018232 0.254651593692539
"226" 226 -0.0559323093109603 0.258074172818273 -0.0586749029308702 0.265123909692073
"227" 227 -0.646836999959518 0.373785842278264 -0.650452507463381 0.395635841382501
"228" 228 -0.61550707017964 0.412988529370653 -0.632675631504943 0.418833244586538
"229" 229 -0.635782905288561 0.393188114143205 -0.651417195832324 0.399213376947321
"230" 230 -0.629031057028517 0.396303789976442 -0.642578196599804 0.406310947935731
"231" 231 -0.792337856197794 0.237815850454456 -0.785688883540846 0.262522837026203
"232" 232 -0.646836999959518 0.373785842278264 -0.650452507463381 0.395635841382501
"233" 233 -0.853954970622328 0.18864019764193 -0.850016394988553 0.212274428559291
"234" 234 -0.692212058160324 0.337333478045371 -0.702024850824225 0.345344079889873
"235" 235 -0.0304555375692908 0.71466818047089 -0.0741285250599823 0.727264570917875
"236" 236 0.077203795951644 0.243430895138471 0.0793820318751616 0.243702292820101
"237" 237 -0.0273130652871802 0.238964316769469 -0.0297272272277447 0.246805938157008
"238" 238 -0.108210359581577 0.251631284529967 -0.0843429330119719 0.23611693611513
"239" 239 -0.0224355584702673 0.268550641053531 -0.0493842646336723 0.255963816515977
"240" 240 -0.611100970282806 0.37887707735372 -0.60290267419789 0.407762848674647
"241" 241 -0.679397473801914 0.313220036486657 -0.655773076645294 0.362454511595269
"242" 242 -0.649077359729627 0.343626852463927 -0.62262389402683 0.394889794893842
"243" 243 -0.702665540709332 0.293755235104325 -0.692168801963305 0.328530619510836
"244" 244 -0.717621693959796 0.319140084152716 -0.734977935130426 0.309886872996612
"245" 245 -0.611100970282806 0.37887707735372 -0.60290267419789 0.407762848674647
"246" 246 -0.848147407425178 0.193995353665312 -0.829501367734372 0.230575606785445
"247" 247 -0.670823581940041 0.327341205009341 -0.646773129291145 0.372068029935513
"248" 248 0.298640993773992 0.464110449103956 0.210053015171874 0.486464368706788
"249" 249 -0.010646507411735 0.277853744920578 -0.029993015947181 0.304542350276189
"250" 250 -0.0757517519588018 0.25077063406113 -0.0666237353481209 0.27301407164334
"251" 251 0.0978009938703766 0.254759235106319 0.111542631687126 0.250126827753784
"252" 252 -0.0438170442856159 0.263129344775859 -0.0587107104269389 0.2456209056523
"253" 253 -0.766675145324058 0.254023709632094 -0.76031877071401 0.285028224974466
"254" 254 -0.778438755546963 0.251841951761118 -0.777814563933515 0.27913038959584
"255" 255 -0.7939366749251 0.231308831000344 -0.792048719989282 0.258081836751111
"256" 256 -0.78420330057434 0.249852153408134 -0.78479362175167 0.274812896348969
"257" 257 -0.804298685806821 0.234312182621198 -0.802288026064078 0.253014505310564
"258" 258 -0.766675145324058 0.254023709632094 -0.76031877071401 0.285028224974466
"259" 259 -0.938612324265355 0.0926337418603588 -0.929222450150177 0.130594117223997
"260" 260 -0.809905414062301 0.211381473328194 -0.805181767439053 0.238884197307859
"261" 261 0.181215539467625 0.66097697746174 0.110408124775235 0.703676336814716
"262" 262 0.303486969580268 0.230819090572668 0.279667555047275 0.242751498289688
"263" 263 -0.238337838346138 0.204287268974967 -0.222374950564907 0.210936112782865
"264" 264 -0.0796690569723614 0.234146001932364 -0.0485924566475785 0.225754957734402
"265" 265 -0.0822449328473295 0.262609002609228 -0.116488160421038 0.245129867809534
"266" 266 -0.623187172025789 0.401765993548169 -0.622591094241971 0.428211282911255
"267" 267 -0.533704504523275 0.476617825272029 -0.539011987338569 0.483720729852197
"268" 268 -0.676499353482365 0.328944754737352 -0.660437498147756 0.370085459695597
"269" 269 -0.61122867301849 0.418071416351047 -0.600200679116289 0.457789409432314
"270" 270 -0.527827739028785 0.474090941993285 -0.52865741726163 0.482275519731524
"271" 271 -0.641101293844768 0.35486146713556 -0.608564634053334 0.414999760678236
"272" 272 -0.59208296744269 0.436461416553528 -0.590246854116903 0.465470855446886
"273" 273 -0.520806631990852 0.490083159305012 -0.522760174896146 0.499165913085303
"274" 274 -0.646540156389881 0.357253520147202 -0.626637485322848 0.401611302719435
"275" 275 -0.662105438840044 0.375154129944302 -0.647310190153109 0.416883893396367
"276" 276 -0.654547826811524 0.355256303996529 -0.659496697165567 0.353082933288386
"277" 277 -0.661021564558907 0.342169844674649 -0.625516820476704 0.406859616700769
"278" 278 -0.86403516027209 0.207197697777539 -0.852769381076143 0.234512630933465
"279" 279 -0.880575865301697 0.177859002760129 -0.880085151813044 0.180513869573049
"280" 280 -0.916783250552087 0.119072788507339 -0.912571978978536 0.133430008403286
"281" 281 -0.558166634600326 0.450145499242565 -0.554051694427828 0.48013960405679
"282" 282 -0.839302790053614 0.211950753419548 -0.820571377016997 0.25951866525609
"283" 283 -0.754513648440109 0.324755489274593 -0.751648891409331 0.309003932824162
"284" 284 -0.863328071440414 0.174449843812367 -0.830449785583147 0.243625496033764
"285" 285 -0.644483411037978 0.39333357072541 -0.655809875103258 0.401296757911652
"286" 286 -0.642010812489862 0.390012651142276 -0.653070787681248 0.391431857641256
"287" 287 -0.746812923821004 0.274662769651233 -0.746749413620063 0.296459863374281
"288" 288 -0.174144171606203 0.717127162854923 -0.21076886123886 0.72506356947477
"289" 289 -0.160413824276043 0.657068506630702 -0.193250828877081 0.669606250135423
"290" 290 -0.190973507957956 0.596578996724085 -0.210407026549577 0.616702988373807
"291" 291 -0.744102804033254 0.279611180563925 -0.766286986594532 0.259281123355615
"292" 292 -0.799796402362742 0.233011359283303 -0.796318461477149 0.246392468489902
"293" 293 -0.842812768546997 0.23370304411213 -0.844260064448993 0.242105375105643
"294" 294 -0.206860429003072 0.263710369456466 -0.227324939594942 0.264727503708605
"295" 295 0.0198886355899287 0.24350293260677 0.0136015851884109 0.239765864152176
"296" 296 0.0522842375076961 0.269865544590839 0.0453159278599015 0.2891700702392
"297" 297 -0.154042287227129 0.392202813483301 -0.128562251310171 0.403686090600215
"298" 298 -0.483698886426576 0.427178356782925 -0.4575098284259 0.44616952398096
"299" 299 -0.278562242543996 0.350019698400958 -0.263831379718594 0.3584948915333
"300" 300 -0.592490072578466 0.376515212764385 -0.578113123717919 0.388796164201902
"301" 301 -0.248416678679539 0.39330102965659 -0.238266667235641 0.404616832009854
"302" 302 -0.485994005493553 0.403935528246344 -0.476952422472893 0.414505607834258
"303" 303 -0.837594759284561 0.224532736449644 -0.810196134825117 0.283259328391791
"304" 304 -0.885294596668137 0.166974672918195 -0.888399277324959 0.178909062123909
"305" 305 -0.857840886942097 0.219105161343531 -0.858442925116635 0.228659727198879
"306" 306 -0.888494623863794 0.186292441881177 -0.89634935952355 0.180744809848171
"307" 307 -0.918719730439769 0.13180631726872 -0.913479488470675 0.145533505294211
"308" 308 -0.918625217887004 0.129477232203132 -0.910480566656406 0.156693955464624
"309" 309 -0.950701063851714 0.0884374760241349 -0.944164917284276 0.107373454072515
"310" 310 -0.962085428809874 0.0988209250350746 -0.953284247399061 0.1239994208375
"311" 311 -0.836558647211401 0.218141652781691 -0.815596621818557 0.270689294291248
"312" 312 -0.844736894621038 0.234292998396261 -0.847598236474776 0.240918872916385
"313" 313 -0.918698758248727 0.126292295501618 -0.91236973724796 0.14465134360783
"314" 314 -0.95451682071191 0.0880293622861874 -0.947221493176823 0.109358108252644
"315" 315 -0.838072917156261 0.213923923143314 -0.818643574436751 0.26278089884076
"316" 316 -0.881303935756362 0.186545789287566 -0.883866549730672 0.190744964703093
"317" 317 -0.788892327138582 0.281201862041725 -0.78731063072908 0.27133056697211
"318" 318 -0.852267639777401 0.230787100433915 -0.845404904283509 0.241943509833416
"319" 319 -0.857168055060061 0.225749386960255 -0.861540811746409 0.216331947622335
"320" 320 -0.893599139902681 0.182390449243515 -0.906424187261806 0.156385711765423
"321" 321 -0.897568318715982 0.169128454540261 -0.897288826662786 0.17408482459516
"322" 322 -0.885434266328164 0.180338643149306 -0.881610425521885 0.191313787832508
"323" 323 -0.904356407384459 0.171231235628553 -0.901713314433896 0.169363724413192
"324" 324 -0.950846322992195 0.139210559834851 -0.951709735325082 0.127615580699714
"325" 325 -0.762254315112691 0.318107791040359 -0.757511749815101 0.304339624346024
"326" 326 -0.83123530970906 0.262547537428724 -0.83916773233946 0.245225824975777
"327" 327 -0.88119917265641 0.186429542564124 -0.879527736129998 0.192299443957889
"328" 328 -0.920869627881693 0.156628101333311 -0.919620578644586 0.149740786949236
"329" 329 -0.75753634929358 0.32226105979773 -0.753973446456249 0.306336928478029
"330" 330 -0.884344837051272 0.184141851466165 -0.89331327016756 0.169157815533746
"331" 331 -0.88036066961773 0.16049618880149 -0.847963454861031 0.233632797550919
"332" 332 -0.909491499433661 0.146734363884023 -0.895342525298599 0.184498306617477
"333" 333 -0.935615069605361 0.106113796110819 -0.921881358629829 0.15652898361546
"334" 334 -0.967002075961995 0.055777525374333 -0.959846828680903 0.0882034402359696
"335" 335 -0.969475514445199 0.0525915673157041 -0.961595837599429 0.0846098478711896
"336" 336 -0.947678639569053 0.0829345074882409 -0.933663528908556 0.128845616361844
"337" 337 -0.948716484214455 0.0872985498932557 -0.938798750591812 0.118598103634075
"338" 338 -0.962784628932813 0.0937545827644121 -0.955891181340343 0.122721367300023
"339" 339 -0.875205423521547 0.16301151932978 -0.844744341631597 0.228456767259657
"340" 340 -0.947017695215473 0.0843267469268453 -0.935666883927027 0.126293640775059
"341" 341 -0.961685253240584 0.0618223424604437 -0.95165042812228 0.0984310581056329
"342" 342 -0.952507297190363 0.0846513629568312 -0.943411941210555 0.114223996186785
"343" 343 -0.866302885688157 0.171721553161429 -0.83407577414917 0.239382153232848
"344" 344 -0.965502424356973 0.0554005224107222 -0.957525980267546 0.0884557993273243
"345" 345 -0.649556005805504 0.38051874218079 -0.659582568035456 0.393717926913505
"346" 346 -0.621672966990173 0.406300860129481 -0.631882611384336 0.407690972663514
"347" 347 -0.749835483941805 0.270442131055978 -0.741112099582274 0.307942777881702
"348" 348 -0.644162618997256 0.387723003841612 -0.659315818018017 0.395445084995829
"349" 349 -0.606635188412494 0.43059455848569 -0.614491680586576 0.434702881758264
"350" 350 -0.786357920719715 0.236253486507785 -0.778752052412014 0.268296753513642
"351" 351 -0.582463517173669 0.454494511726348 -0.600012321986536 0.461951802530109
"352" 352 -0.615725652943119 0.41985484915673 -0.627346354577077 0.417219362614502
"353" 353 -0.769471505963013 0.253079295744889 -0.762489358831548 0.28547096259634
"354" 354 -0.703865130256552 0.331773395860411 -0.714713125500846 0.340981212853664
"355" 355 -0.684590304907228 0.348463939446357 -0.681108395461848 0.370438616678208
"356" 356 -0.808553424662029 0.21681674118575 -0.798195379859992 0.253008169279669
"357" 357 -0.884625463334951 0.176621476457222 -0.881959068405128 0.190989022486434
"358" 358 -0.857145251919647 0.212433957040312 -0.861471772532681 0.213942848623845
"359" 359 -0.888429636088565 0.16222780706725 -0.882842933632209 0.184658159701106
"360" 360 -0.616890835818056 0.404573608935078 -0.621596637155943 0.42759346671732
"361" 361 -0.849924335219885 0.203337178432381 -0.850246231113955 0.219603249336199
"362" 362 -0.825509311334011 0.250672767477716 -0.828071798668362 0.239796684317571
"363" 363 -0.93878267108585 0.0888550046503652 -0.927513509952329 0.127573385334741
"364" 364 -0.626976337744666 0.413640523425641 -0.636984479575482 0.425381191374315
"365" 365 -0.712759252545402 0.314047084760772 -0.722753295177476 0.311508398741927
"366" 366 -0.776672433651815 0.242892144103939 -0.769419300677856 0.27601340009782
"367" 367 -0.237571372135392 0.743144602307621 -0.278704377677775 0.751732895047217
"368" 368 -0.243826954159688 0.728356607027701 -0.274265034730987 0.736548476833728
"369" 369 -0.352297581295368 0.624376285542258 -0.370683596523406 0.644339393893626
"370" 370 -0.393973532405836 0.30752773785533 -0.422105549510337 0.326690242016016
"371" 371 -0.392073294876145 0.258816849590879 -0.398824809575626 0.267967212921702
"372" 372 -0.309779436715304 0.282066468067307 -0.330457018498368 0.29774010838695
"373" 373 -0.0507372746449182 0.298423146893605 -0.0464913425460101 0.294390246199795
"374" 374 -0.217797302990842 0.261435372093285 -0.211627431437427 0.276376000308708
"375" 375 -0.126943307205531 0.268120571718023 -0.12257927038458 0.275431659396688
"376" 376 -0.301658817369807 0.258985733132736 -0.320991984636091 0.255199172320714
"377" 377 -0.707264741217611 0.206431248460706 -0.715568270143308 0.210372783484165
"378" 378 -0.408865712231965 0.181096459873729 -0.396125452134312 0.190546266524058
"379" 379 -0.831665982734968 0.133638378568092 -0.819665500800027 0.143523730943228
"380" 380 -0.490373586263607 0.189390231460973 -0.486686845814472 0.202703028606188
"381" 381 -0.82241716889508 0.134256760590813 -0.813261430377448 0.155852184983888
"382" 382 -0.881559916792229 0.176275354158828 -0.862270653612189 0.222068136934187
"383" 383 -0.87982565826264 0.174472166369072 -0.88933026715438 0.172964322475734
"384" 384 -0.871543808875229 0.200079479821769 -0.874504533423429 0.205362689795467
"385" 385 -0.88962825493529 0.188204279914912 -0.900673189088955 0.176095613789484
"386" 386 -0.923939972446556 0.126545494651262 -0.920915606075544 0.134189056563401
"387" 387 -0.907092590416356 0.146526121146849 -0.901332258990265 0.170305219053746
"388" 388 -0.947521860011198 0.0909529299787391 -0.944110598167709 0.104714222803498
"389" 389 -0.985771389528334 0.0404301008063041 -0.984058939463683 0.058027449516852
"390" 390 -0.870043581068884 0.178020789142252 -0.86751883441488 0.199388864813156
"391" 391 -0.849528729725959 0.230190591965925 -0.856735967198496 0.22953867310805
"392" 392 -0.910689172325823 0.139412906748113 -0.906287012907291 0.153833388944513
"393" 393 -0.94567992013132 0.0935444638154333 -0.941996665244695 0.108720044301439
"394" 394 -0.846737362137903 0.20684115432399 -0.845860296442179 0.224672817964186
"395" 395 -0.858510069741262 0.223229346040987 -0.863705818697031 0.22361435384827
"396" 396 -0.826080169402749 0.26360406086637 -0.837982168727258 0.223369175875536
"397" 397 -0.873392491279519 0.196823025026069 -0.866905883662159 0.210453009949852
"398" 398 -0.831171130803427 0.269303237592029 -0.838555873723789 0.251556433084365
"399" 399 -0.900119237217509 0.17105548522248 -0.911386332705767 0.150603512345484
"400" 400 -0.916809510861893 0.13723138601378 -0.915458005689908 0.146594027410383
"401" 401 -0.88000804236454 0.190036573169152 -0.875856872217368 0.20241885637918
"402" 402 -0.926021507224975 0.12179488250793 -0.922185319440695 0.132045720547453
"403" 403 -0.972197255698541 0.0803512540097725 -0.97096835880944 0.0944865049353225
"404" 404 -0.844235138835991 0.233299848301682 -0.841155289231869 0.231692283187285
"405" 405 -0.829721605129359 0.267483141487127 -0.84042246058631 0.243016508093713
"406" 406 -0.881124367018799 0.184954566932159 -0.878252048641975 0.196250529650067
"407" 407 -0.931850597072277 0.111721447637475 -0.928343320261562 0.121708747926481
"408" 408 -0.812360751645708 0.273674734812344 -0.813372490491021 0.261996446760403
"409" 409 -0.891466721108585 0.169939475970869 -0.897427406495552 0.16357031060937
"410" 410 -0.910197213119783 0.135002261573427 -0.896836050577965 0.176059886914034
"411" 411 -0.906894655694605 0.152413150179666 -0.896265341196338 0.18601069530421
"412" 412 -0.939926368985409 0.0991218984880356 -0.928005977992111 0.143452870306748
"413" 413 -0.968502675822871 0.054325361725494 -0.96132015842651 0.0865246965660285
"414" 414 -0.972814576942653 0.0484871291129227 -0.965172739936344 0.0807110343144804
"415" 415 -0.951796450872073 0.0785139693240292 -0.93861601326988 0.123251108216651
"416" 416 -0.940674719305056 0.104284804047222 -0.929004435791213 0.140388124833075
"417" 417 -0.976043250091619 0.0713738773727248 -0.969494039704434 0.105767228872242
"418" 418 -0.8884818700302 0.168105225721867 -0.874642812580808 0.20917880875862
"419" 419 -0.953926976206312 0.07334331585287 -0.944322926998919 0.110440084304798
"420" 420 -0.964648347495758 0.0585153127748681 -0.954820442219056 0.0953306884441334
"421" 421 -0.9409650856264 0.103086429435428 -0.929141471212255 0.139889686907922
"422" 422 -0.909428490953851 0.133611801776503 -0.89512358172157 0.179630032833575
"423" 423 -0.967014110234136 0.053842876977486 -0.958792198249728 0.0873919574941701
"424" 424 -0.669777853306077 0.336400793230722 -0.67302284170778 0.35738929986769
"425" 425 -0.716917178919671 0.304444393175333 -0.701927400009353 0.347320245291976
"426" 426 -0.639881620987784 0.372824958207545 -0.645920841229206 0.385654837299265
"427" 427 -0.740113687051917 0.271302865814204 -0.737985987405513 0.291387338159822
"428" 428 -0.694043633595317 0.32547966750459 -0.66628354335428 0.3856934183282
"429" 429 -0.689345388559382 0.325764148879457 -0.690887610495729 0.341849548135303
"430" 430 -0.689560798373834 0.315924047989224 -0.687313766746961 0.341026643771654
"431" 431 -0.725520107096471 0.292294719929292 -0.706783855758945 0.338829495736215
"432" 432 -0.638666179968748 0.376217939368777 -0.641824128655709 0.389373051416116
"433" 433 -0.737517653249891 0.290782746248401 -0.734627583182459 0.309751956260727
"434" 434 -0.754003497826094 0.282785563932029 -0.725521764907501 0.341159783180572
"435" 435 -0.762903667894333 0.264253077495201 -0.7647255621588 0.277702096810458
"436" 436 -0.93007188601493 0.115044084235607 -0.932140330984222 0.111714404131058
"437" 437 -0.905949208226468 0.144147984221434 -0.898618441086181 0.162616456282326
"438" 438 -0.911056746376994 0.13034560376448 -0.907826695580944 0.142476126518017
"439" 439 -0.663304679498646 0.341978436899182 -0.659073646262179 0.369411614701452
"440" 440 -0.919964574523244 0.113625125903242 -0.913635531216241 0.135372258747175
"441" 441 -0.903970668400848 0.147369664187017 -0.878004086165247 0.20581203187628
"442" 442 -0.873238149324907 0.179573129201386 -0.868188063117356 0.205900731559608
"443" 443 -0.7021781798868 0.321287816716969 -0.709390481835039 0.341548555960146
"444" 444 -0.75858406857869 0.278452730562889 -0.751877166962054 0.314851595181405
"445" 445 -0.690806455683339 0.346109877280232 -0.699287554177285 0.354309142176059
"446" 446 -0.0567973642086393 0.59474242031532 -0.107762237772299 0.614929239010575
"447" 447 -0.0159421476992874 0.58606565907575 -0.0590810145759861 0.618803757569751
"448" 448 -0.117138970450492 0.586813465934777 -0.161947647726558 0.608543708908767
"449" 449 -0.889650491317611 0.179224677762986 -0.874528472277476 0.198211073189102
"450" 450 -0.776831550715304 0.304176441158597 -0.810900698165669 0.282307511636128
"451" 451 -0.814375811692908 0.217860800533733 -0.805251209903292 0.239759059358208
"452" 452 -0.100620972093246 0.247342946829681 -0.101211749925555 0.259251666652578
"453" 453 -0.167128338105348 0.266553911208476 -0.177143302343818 0.275969827361815
"454" 454 -0.0587142680826159 0.266601440731248 -0.0484581720436038 0.265990389682066
"455" 455 -0.181890457929274 0.319119167847872 -0.174696061587333 0.323716078959706
"456" 456 -0.500622945634136 0.334614797294458 -0.491359252660956 0.340772830408134
"457" 457 -0.192616802272453 0.348471958550459 -0.172800481987118 0.346748199295779
"458" 458 -0.54513024189681 0.377576149256415 -0.528210509181975 0.376928088983148
"459" 459 -0.205978175698229 0.331290259353519 -0.216722370402485 0.330443963545939
"460" 460 -0.525757406902962 0.35119847254314 -0.536035320925377 0.343581566718928
"461" 461 -0.931408166155073 0.104509382791657 -0.928330398713126 0.121710406759774
"462" 462 -0.923109928568035 0.113869101878937 -0.901325154120637 0.170344157400628
"463" 463 -0.925786228332202 0.119292765057786 -0.917860023419342 0.144680094408969
"464" 464 -0.9574496126264 0.0722702061907752 -0.959487083059032 0.0872978945880954
"465" 465 -0.950028501127587 0.0935571593168874 -0.949971010148939 0.109452878438267
"466" 466 -0.953550668169664 0.0767707433896457 -0.951685767110582 0.0971572396771713
"467" 467 -0.965329162195453 0.0680452651951092 -0.963538995217764 0.0851514692919552
"468" 468 -0.974826557869019 0.0658643166086771 -0.975575701200422 0.0737761123253151
"469" 469 -0.924205534634544 0.109838593780444 -0.918126105852734 0.130678550387719
"470" 470 -0.922947811653885 0.119934490049568 -0.917403799010745 0.145049062980388
"471" 471 -0.94643875589379 0.0928895057475436 -0.945639503440492 0.111478971848558
"472" 472 -0.969531623203258 0.0660555128174024 -0.968865061107454 0.0783189103055998
"473" 473 -0.921454953210383 0.112150937570756 -0.915047155287962 0.133611786270256
"474" 474 -0.953807324008144 0.0751087451512497 -0.955048177476741 0.0926726356829477
"475" 475 -0.899826949548558 0.169965951700571 -0.86990226544728 0.234323465120746
"476" 476 -0.962506221271462 0.0711702442556626 -0.955349406959032 0.11031882008015
"477" 477 -0.966931877251442 0.0726561624478962 -0.956961653564853 0.124627688838746
"478" 478 -0.97144534062097 0.0563598953927949 -0.965885477880849 0.093766510287706
"479" 479 -0.980264915890736 0.0380404742934166 -0.976600839978237 0.0647479738243901
"480" 480 -0.963427498659654 0.0687602910938606 -0.955938916561874 0.103572624241054
"481" 481 -0.958554030273838 0.0843187349955875 -0.949943089663969 0.120509276978154
"482" 482 -0.979297682391585 0.0656744335256776 -0.974797406286344 0.0800037956933141
"483" 483 -0.908166651804547 0.143895834103136 -0.883362852171178 0.199333994257382
"484" 484 -0.960419916484561 0.0825252032368693 -0.949409078112187 0.137301967130418
"485" 485 -0.976605714485918 0.0429894189079894 -0.972118744833787 0.0715484313115888
"486" 486 -0.961902265838819 0.0834892019600775 -0.953900680336167 0.112520533838308
"487" 487 -0.898852616311843 0.156480540926625 -0.871033642711643 0.217735959640129
"488" 488 -0.970849895279946 0.0547591800005885 -0.965195364270539 0.0917289987141026
"489" 489 -0.901745385971836 0.146983289556129 -0.898191148565329 0.178255215925268
"490" 490 -0.935098911901255 0.118113761131632 -0.931967377356243 0.137956027683307
"491" 491 -0.937320119788259 0.115589498224745 -0.929685276032603 0.143150229718032
"492" 492 -0.962032973983712 0.0746180109666782 -0.966977871382617 0.0764079256964225
"493" 493 -0.969823993932813 0.0673243216248603 -0.97162501023395 0.0654727892475316
"494" 494 -0.96010296097998 0.0751783339844154 -0.960644255229448 0.0816361311935053
"495" 495 -0.950686723530031 0.10478638318221 -0.951565941524714 0.104414930984724
"496" 496 -0.971069807789277 0.0854870636988659 -0.968726310085283 0.0943354588098633
"497" 497 -0.88478293373227 0.167254633441714 -0.880352470338776 0.194629673375945
"498" 498 -0.921853060386155 0.136454674813674 -0.916966259765963 0.165516369977619
"499" 499 -0.967102865670512 0.0672668496147682 -0.968570666843036 0.0683109999460605
"500" 500 -0.959548810870377 0.0927458338382856 -0.959026900918213 0.0972143138161539
"501" 501 -0.876904510869257 0.176274752130603 -0.87146900560053 0.202234891778886
"502" 502 -0.963607908978622 0.070149455714277 -0.967473949421926 0.0718695844182463
"503" 503 -0.58703015721168 0.426490375771886 -0.58553481169299 0.452684532469044
"504" 504 -0.667105016090295 0.336728735765558 -0.656495309836323 0.362631826686693
"505" 505 -0.60144497220587 0.410135387094208 -0.59398511951448 0.436564049776473
"506" 506 -0.764741699836783 0.23880701898612 -0.753204278805992 0.265121054730103
"507" 507 -0.889994936253207 0.159105246579145 -0.890825869998436 0.161503776065866
"508" 508 -0.58703015721168 0.426490375771886 -0.58553481169299 0.452684532469044
"509" 509 -0.832892272574598 0.221402649507236 -0.817448119853645 0.256107093354059
"510" 510 -0.694749676532643 0.329387668927648 -0.694982538202349 0.350360147269517
"511" 511 -0.170672161603529 0.666545801854744 -0.197926641299782 0.68271019343007
"512" 512 -0.756128382694944 0.247163812574412 -0.751153802478781 0.268735814881628
"513" 513 0.0862043752848643 0.251740817735226 0.0731367989710496 0.267247634088736
"514" 514 -0.365332326382318 0.304703090253127 -0.347256941240983 0.328649105970591
"515" 515 -0.6458275423283 0.298646217649918 -0.626638068926075 0.327386875953495
"516" 516 -0.612123540048571 0.415434936245777 -0.624263775268761 0.428841842620733
"517" 517 -0.6229864655134 0.408826266085298 -0.646927350614211 0.404717829155337
"518" 518 -0.60317580952226 0.424779823914197 -0.618749609933591 0.433687878158217
"519" 519 -0.661524048522531 0.377868676428331 -0.691182262778613 0.366048622614679
"520" 520 -0.795903489942782 0.270669242062274 -0.806276589876741 0.26953539900629
"521" 521 -0.612123540048571 0.415434936245777 -0.624263775268761 0.428841842620733
"522" 522 -0.838024983101289 0.221441740193233 -0.842187588135201 0.230580458116383
"523" 523 -0.671666339601663 0.352618559889967 -0.678618250574506 0.370611951135337
"524" 524 -0.315549571587974 0.65822230511561 -0.347656584052984 0.670111550854746
"525" 525 -0.877314027695623 0.192204163784823 -0.877994540660909 0.188636281329766
"526" 526 0.160806762720802 0.249081794889747 0.178195402657311 0.253755128380528
"527" 527 -0.262748982902584 0.377179991965566 -0.312967555667936 0.35863056185061
"528" 528 -0.567276137246702 0.372362989280818 -0.615441188245549 0.345329406082053
"529" 529 -0.707892708360848 0.293343167454005 -0.693209575028455 0.335025724445019
"530" 530 -0.717690363847981 0.276336111181352 -0.692875837299708 0.322850386806586
"531" 531 -0.696440919079739 0.298028520533807 -0.674829752148037 0.343453553430992
"532" 532 -0.754526575595249 0.247612418775231 -0.72664546566023 0.293098318844567
"533" 533 -0.897678376184594 0.135109460529695 -0.885102867737418 0.173573987693741
"534" 534 -0.707892708360848 0.293343167454005 -0.693209575028455 0.335025724445019
"535" 535 -0.898786550895826 0.143981629976716 -0.874292331094002 0.19268420429552
"536" 536 -0.727936881638242 0.289218484545342 -0.719795300986022 0.318706090257154
"537" 537 -0.0473410105371904 0.579318410091051 -0.0878781580865384 0.611792531603171
"538" 538 -0.880904527243298 0.165518194117896 -0.889442259342492 0.157652676897966
"539" 539 -0.0292083814447448 0.273403281333404 -0.0465161385833107 0.28266453122936
"540" 540 -0.290799151568579 0.31073322315379 -0.253648615479548 0.32662397332973
"541" 541 -0.601914311720231 0.301356204874756 -0.565425151851276 0.326620322901702
"542" 542 -0.780744465254605 0.246151951422932 -0.779376076444767 0.27573300081472
"543" 543 -0.79168813867265 0.242845570931452 -0.792391460915905 0.265433902759521
"544" 544 -0.774820040555721 0.259050262265727 -0.772835910246028 0.287613471775812
"545" 545 -0.806254445344181 0.232465210978981 -0.811409445698885 0.246679857609914
"546" 546 -0.869391424320665 0.180038638274765 -0.871926654973817 0.193343535826153
"547" 547 -0.780744465254605 0.246151951422932 -0.779376076444767 0.27573300081472
"548" 548 -0.943171812239566 0.0974480499920437 -0.935784556864812 0.138683371792736
"549" 549 -0.775751880262406 0.254096927364957 -0.771497171073463 0.287577427268982
"550" 550 -0.248673296020333 0.606777784853944 -0.284626584197391 0.630896043976528
"551" 551 -0.902962925764167 0.130682383650922 -0.898859180006393 0.143134739623959
"552" 552 0.130236333853275 0.231018288664852 0.125293439532257 0.250993725986576
"553" 553 -0.277592771857576 0.31724511439669 -0.307009198933822 0.321010991753997
"554" 554 -0.598755521870387 0.311042187798005 -0.625293857062175 0.307584131218051
"555" 555 0.00526397595599559 0.336147441468111 0.00868366049349034 0.336786574837354
"556" 556 0.00379931433568714 0.445077427684471 0.00218609660382481 0.448306291165002
"557" 557 0.0400291928864381 0.634988983130559 0.0087258605074728 0.608302941997066
"558" 558 -0.0172975696006379 0.501311341749966 -0.00598094014244505 0.477975087899835
"559" 559 -0.513922892256532 0.509205118936241 -0.489547201586915 0.511806820456569
"560" 560 0.074886005153943 0.324300265864388 0.0585930329553033 0.29748003480405
"561" 561 -0.0487199619615453 0.241467433270198 -0.0565147026615397 0.279122225026129
